10279
351343
19197
740888
665806
821893
58230
829081
620684
709590
444597
684660
102810
938241
686146
32615
431933
486073
632172
757268
509710
934621
511954
650526
123640
448947
523086
448727
145759
61829
280081
747492
251965
676363
610535
230323
960891
844635
980852
584530
528536
633147
266462
677768
902209
426040
682059
667071
492139
380797
551193
731237
419034
162669
906189
676274
555884
457605
576076
686275
692523
608830
116666
70346
826795
950955
335033
422159
16642
23826
382943
283892
856118
262358
804534
266975
697079
931054
208774
250894
284360
163316
194488
178576
636312
252395
608154
266628
278966
842019
368740
223478
669552
609313
620982
306463
692539
831056
315712
688142
307627
401977
679533
557992
506172
635874
439711
665669
408632
700333
381352
551283
945565
378987
422449
119234
893701
615412
898965
693604
70541
337847
199665
289996
854524
619976
136177
162084
263071
19674
387557
256959
427407
347318
385419
170023
67584
883309
97614
885898
635597
409897
675404
616396
657576
620925
479326
310543
355024
850206
683165
966845
852429
292145
278388
708567
234367
318728
109496
421267
153106
365083
501252
204376
834258
816438
302771
544338
800643
401829
559830
720386
773907
583542
851600
575448
589578
190982
385661
141995
407258
417164
231006
956918
404227
653242
341172
136051
564179
519798
370269
856125
539381
811392
122931
3813
916015
433560
153429
814486
38696
705410
88261
77302
148389
170606
905388
249355
450963
893337
796680
529916
281021
50948
469614
669126
866613
313726
466711
869029
978630
608499
140915
193972
413694
72237
953986
819144
277588
184734
750042
502891
117046
470675
934630
704468
924445
790159
936105
817926
964010
28967
908764
764026
796094
466748
953296
595490
770830
661015
804596
678325
266755
986584
824504
755099
79083
13278
407986
327678
365976
156126
781776
783207
864698
848903
389904
331085
697695
196065
959376
437808
374095
606919
408607
35569
816869
113641
680763
372073
376864
433351
45226
922044
545365
128059
888512
591456
641805
391636
472960
417196
106157
652984
814405
212358
494600
639221
689080
859906
818811
429477
570949
528812
965498
543100
451971
452994
790603
790401
256300
415707
392298
652374
976591
786997
619438
150609
240620
987679
167175
304182
575736
723045
437236
791278
922600
630631
318195
373627
568697
353760
891149
520998
578477
734750
462970
292138
580801
271844
808449
143437
743792
91775
855968
656057
911391
156500
223654
710634
194398
148251
346780
209532
711977
413286
427970
750379
846743
48289
195414
685642
819476
153227
62022
174200
216380
897297
967232
950436
298457
804620
609067
978051
446811
809472
289541
108642
286684
913575
630317
749886
7500
633774
481977
646580
862439
25936
191590
751670
603598
599424
574689
108490
882756
244851
971868
40498
921259
320288
760040
393555
196490
687882
490885
242005
818779
956202
539009
26671
648343
824044
214924
90206
206834
482184
368431
334384
96238
80613
250260
724716
489280
899013
922462
560166
898345
377875
772395
140540
924320
689203
855971
252375
796527
32947
666430
366760
330552
277959
356454
202055
187835
142259
804751
285896
951456
584891
185079
721646
444713
834049
144960
4074
724799
517374
762858
31339
484117
484784
284735
414607
301265
425041
873999
337872
295241
194883
720499
724218
488663
467103
661848
340682
515846
749442
121998
545615
635958
583773
293686
573457
50004
280344
352069
464593
578341
279157
344100
563707
249424
473717
879892
194940
808115
311878
906453
975127
146886
349785
776824
214499
323049
581716
642501
640344
423038
380004
424697
192340
654816
987436
642499
963657
668607
33555
615020
836409
793849
576310
931655
15349
807885
287872
757074
612332
152894
784827
711517
503913
552616
82816
879485
106007
151545
579807
516333
873146
659237
264181
29082
253460
493631
236709
112082
880492
303378
296794
340230
819437
129197
151897
800551
26991
548244
935799
741797
48304
741302
812024
900352
539120
601835
88881
613256
244693
512759
888933
154678
37310
856486
224194
873026
114090
620018
267369
255764
851096
554420
921725
668793
175289
936824
897168
647551
24759
511006
66515
434265
282632
815164
469152
724542
308459
184282
101157
689281
86716
665554
77411
747734
725699
697421
603154
886975
446740
980304
436541
710769
814563
940026
859917
489482
907429
2818
373391
741248
706625
533033
183745
492257
448623
143229
93740
638837
877558
638037
576748
956728
934476
275960
302725
164608
637732
410283
799001
707018
676551
904843
448119
988127
456285
150007
859574
144792
942343
428122
204271
799312
838304
701880
566135
942870
119895
154083
209241
437040
19404
312900
259860
68616
182119
802235
463020
453455
232770
798254
248452
571906
26889
813988
303847
983651
957886
729101
376115
478610
563483
663356
6579
13960
447843
304220
51363
99082
658930
282559
549157
27052
157412
423573
135818
265664
353520
185930
520491
606629
58704
52098
488621
455959
404068
867206
997782
747048
669127
499325
768183
539215
707640
600321
971311
285620
179678
433710
650533
397859
895856
21476
866751
476359
876670
439167
973706
55688
807862
434296
505292
812722
518328
176690
605716
109613
691252
703193
270982
917206
435058
360462
659421
647856
595125
501277
299700
732715
940700
539771
63110
736342
491607
954343
885913
942085
124636
686694
877107
847644
811538
613942
979295
208684
494159
854043
101599
204584
36768
942241
906109
328265
607978
925795
757662
819911
261823
81860
355093
281235
745108
973777
331525
11072
308916
1533
344978
578288
561891
387673
616007
215400
255440
878233
427626
296562
601793
939811
651146
204018
464102
961987
600629
937212
580783
368587
957069
718174
973154
282081
793517
481251
378704
483801
406406
719507
685703
999708
493744
850141
348213
113547
453745
924831
896178
492952
367930
44441
630966
911155
672730
102027
775026
923417
149711
733934
790830
837616
732432
102247
722178
848655
833718
49883
779230
684139
783111
924792
851411
598106
591009
756336
604914
287813
728997
300935
469908
662803
590660
928844
384239
676973
48131
128131
202097
544400
96886
77127
413867
196691
256801
584693
56301
873139
291839
533853
727434
861535
719084
53152
177014
256457
474
580055
848148
193255
2495
59736
675252
625316
844310
708182
849456
961495
835845
678521
143911
486283
387261
819458
493443
258481
338247
50346
44516
422442
557045
774488
95781
295767
761934
903254
860260
919607
408367
704290
914608
750981
418527
123414
531537
686699
833558
782903
236129
580148
842919
33935
433410
774465
81574
336889
11495
225055
322538
517271
934565
633033
920062
561313
695894
618445
139433
451462
356575
734274
120846
577470
137695
787229
306653
137535
98033
676740
725562
46139
927771
348541
595499
79971
876918
431724
84764
253068
175575
252497
354575
589718
897151
405358
339313
42924
513253
149977
853620
120306
194211
257104
642476
441087
872267
824996
58250
307047
51470
997680
1650
152258
35134
305100
692023
697848
500200
237603
378548
376434
26602
168804
151319
234799
810344
143203
461640
4555
983203
209623
479664
171591
421181
301759
50367
17007
582268
431928
923533
5293
874517
184942
845120
757843
987253
970271
781131
366915
67560
455101
926896
794604
99932
24627
348643
531991
865898
982318
398325
176647
442931
827852
998725
615795
281450
762239
90376
994306
868754
532352
429572
916061
646201
94515
992503
763131
688621
100693
707433
979134
723608
159272
849578
893214
357128
721201
611387
106511
88849
521191
724634
931069
927810
164932
41904
605049
692967
231687
445840
738603
154855
945761
178570
262594
347133
613499
142691
575832
634931
152442
351404
366000
946900
385216
873684
4603
131721
85001
359051
320270
246643
933439
153471
221031
224859
468930
303935
571863
633851
371596
492296
478588
917264
604733
97117
923701
663562
61916
299160
901805
588604
268058
801621
724115
384541
975703
940232
150610
795003
821736
470963
469080
458616
498749
827182
661515
808771
172543
768731
744450
863138
86566
99145
400128
871460
785452
45857
158560
161805
241332
318361
505711
53033
795548
939845
939256
726401
694548
372999
619023
423713
509419
604390
434815
666322
653961
390369
915181
918997
235803
34525
187657
804785
737186
580000
338395
772155
53381
780527
880072
507539
187411
23855
988398
114767
876123
859286
155612
784651
496998
558736
522943
714146
459417
607460
729179
310865
907714
154470
553037
171718
979088
669756
367192
555340
193992
94294
980537
661482
587513
235328
845286
193479
726809
471119
373042
604964
354450
140160
254533
385089
386533
422236
232308
707574
170949
730329
719791
332644
843016
350567
450764
146614
347751
724640
45720
774629
309819
255100
511600
131717
189929
158571
678736
576425
33237
153258
456244
962572
524450
699631
718995
461458
27588
19812
12597
999463
957053
153762
361616
399529
751000
918044
541244
598679
639797
952878
582924
884169
774452
848346
156467
92165
369510
424210
993187
354547
861862
111192
844074
246000
298016
335848
910525
265962
706827
891455
288077
566399
512386
270809
491261
402445
964010
504031
912866
554896
207474
231995
384723
622682
281296
313398
114015
402577
726592
811770
627402
184713
563498
139816
376686
780696
55908
836068
266107
748331
849404
685683
98909
126717
233441
372134
430157
119542
388002
705419
80868
778738
876152
754124
646472
142642
60215
66430
61430
497611
195493
300277
787995
979431
746903
776923
874026
352414
113480
67368
268764
675233
507161
188216
981149
226988
489589
40156
414302
904438
879407
798914
812022
375518
38280
894176
835606
894902
262581
838792
30662
98095
965600
113369
748605
533002
63847
697716
175269
327917
77302
837976
611547
361096
378902
538947
954050
221082
127758
575844
390768
655786
941881
337200
26835
632113
20643
272920
476984
140278
123244
776077
476654
47845
307414
291176
497117
646216
839598
342709
334587
508679
500137
541142
134232
528964
442893
143684
246484
130925
396931
621375
614479
584603
17815
341273
509705
120405
947614
851097
75495
800514
159953
209335
641901
497354
882885
812373
423238
717919
746423
974640
380104
611653
477775
337872
253887
850870
248648
581572
521163
396999
639233
719050
899356
67529
809892
276660
718666
251989
177089
350841
866415
295071
863794
282026
576259
16139
153370
882293
353716
853367
81892
586679
697069
312874
744525
596223
312568
28596
566460
391000
163492
764304
951519
762757
791582
606005
958001
974601
655027
10888
655890
989597
848307
587375
628256
628157
770529
977617
999081
921385
628534
226146
124440
543322
571944
538180
646363
652619
693253
412709
506044
159746
582578
434038
238126
245573
435879
248125
494426
528446
566101
30880
314942
24546
856250
860671
166224
991695
495217
565678
968683
510866
580611
417368
141711
256185
657062
119100
881345
276216
568302
517016
719053
180482
397275
272453
446218
736440
77109
741577
228567
630452
326136
423958
269176
635528
164768
932435
372471
492656
905926
987188
504825
688043
87934
264510
710188
35118
163951
378036
426630
147227
424501
469966
272845
419351
897088
929364
265504
435329
9939
317948
190982
358941
308440
535565
780719
293897
362758
338373
262423
359672
421724
211715
366849
677588
117616
703838
265335
183786
196103
640730
99169
966355
847348
959017
284311
888225
148204
546212
93641
867021
376174
35833
791817
861082
438037
361780
327402
635626
538119
876950
985904
421865
752096
25614
133676
227942
45572
757913
659695
303447
952066
956911
112732
58717
911025
646108
271758
428619
573288
458281
750909
533935
365175
17355
919374
629657
823281
18961
42888
287437
393791
694430
307391
342546
216062
814300
315571
196111
470891
47444
841942
534555
493634
405350
330944
643180
646711
430924
798809
11942
766467
252640
565233
50118
531970
72176
741679
517546
422614
852831
126776
997569
758644
195609
426551
378441
250643
221889
803342
647134
565720
391943
36966
820057
779126
813471
726269
430726
467779
96954
29942
339520
311990
70923
824508
625019
147551
609460
608515
367110
948996
519034
815306
935612
969696
152913
641512
613412
831190
696410
446063
691165
264727
141689
755584
629511
785949
669557
580733
624930
976820
542044
724078
472601
496936
465033
86987
487143
617464
525882
581837
949603
136995
522434
752227
982293
639864
526937
447651
141432
41269
185258
439747
140822
48048
543026
657191
472777
728835
578443
857673
134987
866055
302557
593453
520236
880646
592225
292869
660315
800970
12368
912346
844220
36568
394339
570583
400167
425304
408759
626976
141369
877985
215900
581076
492277
929259
752766
539869
471029
196975
963035
850563
553065
170462
660985
243093
347192
106589
346824
376471
862488
591895
778105
205703
45909
795985
657644
979436
27232
869297
725244
606153
127699
664176
995613
695702
761884
139492
291604
851088
355924
385611
224429
687670
372608
14580
48446
86442
250526
3159
435679
282414
899593
712816
154640
443101
662261
288127
967076
373025
85808
309660
336161
824080
524469
385259
743834
101327
392909
463915
240322
787916
535588
995016
191866
156827
29324
15770
295336
459592
940651
208960
513339
743483
924086
602692
590427
565151
443071
706008
521039
94702
808436
126006
373038
514653
732700
156040
718426
871938
19805
394463
805831
127944
598206
443811
258192
49401
222001
904145
443037
754803
567919
537399
234253
652062
691811
414185
236659
983801
823163
843983
474370
470668
857985
665296
568504
302098
194377
950192
104148
521041
384645
183522
972098
663399
619254
118155
3366
718741
49089
477814
79951
969413
189520
746512
936291
382310
691293
574821
586849
449410
291778
788107
552010
240824
638580
185668
495462
912109
219883
693804
729820
675385
944451
85342
317009
990857
419012
118531
263949
965192
864223
370754
332862
525100
916173
434334
849838
310495
322534
303559
496124
933464
402889
558504
596572
785419
870903
641882
374494
376326
269306
712912
157744
956554
546831
863692
589516
422914
624317
672315
211809
718270
901347
977659
312433
224164
380782
331082
414887
335784
296510
675443
878279
417652
505756
964513
242524
407110
736454
936149
891259
526283
956534
626276
753634
905314
663217
495836
395863
126956
956988
281986
876112
197360
972790
725501
544664
908219
165459
806322
234666
225817
381026
191216
333265
448392
545479
205599
978017
874935
660537
693835
783182
459328
383027
250541
69757
617973
787148
886552
624622
777744
365204
414791
23230
603008
919830
639641
31202
784185
336340
68371
238932
724839
132251
561417
636680
261872
75787
420804
263386
668491
341239
725154
918492
550384
185000
822267
266405
981142
99016
317057
871797
618591
918011
602195
548199
240699
827025
302238
299333
749848
690071
831867
600423
307973
115967
856326
454302
521970
229592
803315
856186
665818
268374
575122
685757
313581
38696
892425
586824
490317
748084
281671
498309
121496
466501
866576
860807
772538
866454
41297
280582
448513
67733
293301
994701
476727
833537
25554
322437
400491
93973
441704
181544
632272
108232
807801
660565
248704
522540
886437
500977
93001
598246
159654
34948
334732
661183
396651
518289
61011
438072
56061
577817
388356
24899
344232
290511
959337
179272
167711
185786
805637
617066
412407
746822
292261
598614
522216
628454
148443
6436
386696
699419
398425
74028
138692
756869
737387
788140
958151
664780
700992
499768
862686
131164
383553
381211
134579
559825
308955
801250
99763
110589
394913
395235
362955
695882
705723
980929
967999
409817
444769
648705
271471
877997
483762
321950
141952
186277
435362
920352
199897
932359
522833
98099
513558
217956
267224
843638
566474
8238
621629
5293
827451
661273
510264
406922
692391
699228
474418
241572
670882
768221
938418
991067
161874
963897
978981
605636
804015
210032
273368
340923
268479
321021
918345
185211
777487
908893
206695
253063
85216
481715
108643
235965
830223
902469
826909
264808
713923
188547
636859
347650
289134
988332
788331
204123
232722
268677
638400
922611
19461
51725
11235
791546
594061
276313
644927
78315
771660
151589
302579
319954
833353
943608
95250
956472
20140
738295
117797
234859
509267
254089
160139
47203
302998
721714
251773
665519
144831
737379
181790
503680
5934
140744
841969
351787
954812
517441
951482
695195
37162
840233
684617
379166
986494
359446
788258
953025
205697
585954
870129
767044
24088
347499
770901
153701
443902
913191
732395
131549
352157
939854
20833
256383
856964
359624
890303
562002
198801
860317
875327
546664
894385
695355
333064
88208
493516
133067
11181
285113
285415
825221
927828
925293
650900
457837
196121
528120
865246
367247
976350
243154
79054
557690
377729
145343
165012
58464
904705
569753
236405
698742
340414
401617
775381
357254
296197
446592
554899
104994
669233
716120
409895
859962
648036
717656
587790
610844
630087
277592
796910
350070
893251
708855
616286
196722
228777
46639
96231
431347
216131
232327
581615
599246
554601
151277
350659
26321
881120
822101
98711
687209
742237
321991
741485
845889
366150
158494
484211
928020
312728
854996
771624
662229
383271
31128
975992
349477
187898
983765
89645
78186
780129
401052
720729
712369
24309
307294
392374
521123
776071
585178
241397
281898
527553
357372
679903
386198
496946
433634
509320
489009
198235
347702
389563
567832
473862
432380
872754
489714
32276
913169
999575
899135
532418
398508
405657
611938
431320
21018
554845
306576
583528
166701
791700
583552
210752
589919
821139
290436
720414
771300
627293
90370
601038
937514
377836
574807
235769
861137
698489
260966
887544
57814
752624
939399
628260
243505
83254
563038
752581
544706
372450
610913
331312
210315
325891
790229
208779
754532
480950
128498
339146
360673
299952
51417
632143
167852
859450
964056
89981
89227
909938
414567
111147
824589
201084
116098
853848
185203
356877
613293
592404
106951
811174
618073
46633
593257
34157
525151
468515
57244
183928
841778
438758
948493
881804
291470
980015
150127
150223
633890
255816
299745
127788
121665
655817
175198
46460
632406
584247
583673
331484
902601
942088
179656
713620
751174
583234
832850
148910
432326
740893
687538
702522
134084
133683
543595
874573
661778
202963
297161
823108
215694
632877
551769
704424
879189
961233
919861
461606
332002
801412
970474
454256
762371
706477
328664
124108
669345
934711
665093
693336
830695
279981
447764
801114
872717
576110
814881
767734
506034
100037
416393
952928
819486
223506
831618
147994
236889
187256
201664
910833
423525
907351
198523
360060
145533
422433
589869
911332
47344
159500
485247
934045
929490
686578
856293
357827
268830
90544
41516
649927
728918
917561
247929
399311
126054
494046
842739
260122
501530
912333
563836
532195
931723
754281
7971
163117
408320
290094
123636
539207
613135
935810
524657
373085
812834
49964
825233
45245
493107
200285
633319
846061
874275
716892
358170
852572
39369
293980
912257
215507
946392
640975
708824
746122
624761
911125
599476
922022
855132
915198
516195
60830
558696
755162
444101
918915
340056
412207
527132
859298
421396
807046
337610
816762
900344
44812
913794
589763
773935
753520
656466
598468
977402
733160
191535
668002
798485
157767
273327
372660
288565
238274
298044
717933
355510
939416
413582
496798
486940
557971
810655
267968
691401
319724
198535
729197
748610
774401
798566
598261
806487
761240
768193
127630
728469
905281
581732
863264
752623
400460
632579
127424
21555
772606
738671
411485
678645
432188
918320
397167
619771
724357
428797
960563
908913
886187
651825
36508
567792
409318
1735
896797
200461
521410
63485
816259
392247
491288
108785
945452
589084
252424
753900
644115
846102
406752
485121
840576
707869
950194
796125
176472
276509
410361
477175
365616
165908
483029
718078
610706
748212
759089
336808
179642
710958
179862
801253
950682
180012
282693
784449
719856
8523
682924
31764
750946
83816
446080
66734
789294
7679
544710
272588
11387
132853
143927
627864
168319
593822
476457
38809
931576
249065
924945
495162
530034
556784
928981
781516
4005
134002
793532
770990
583439
187375
959795
444197
508632
755736
583087
606581
133467
963939
755984
826038
833580
337081
949870
962088
901833
810537
476419
641627
520598
670079
810546
576639
773162
590355
880389
916298
652855
589056
633985
692893
68299
960569
941663
837054
634101
156896
474434
232931
805392
933384
23389
649700
75355
660462
959833
681551
125185
816637
290646
4771
857370
944270
660813
503180
187817
330344
402346
253074
905640
999409
457312
376545
793296
968195
743448
456108
662023
804963
279504
780601
298222
15581
128685
917117
441980
591794
711543
219154
424316
474196
583490
147089
196063
897695
502044
356587
402853
10888
746441
242097
137909
153245
425051
810378
989051
696829
342748
922747
854074
213343
506680
28913
356134
725245
941208
196732
60322
166944
866633
592545
421914
414934
46412
662306
899003
127171
250267
861020
558901
275816
31355
397271
323343
351387
266568
769173
174153
344125
523988
796196
868348
302408
139184
139816
440817
503662
637871
936711
473087
99789
762824
92720
613203
89881
804544
549498
455073
648150
443074
803326
655388
674943
61031
128036
738662
592297
685769
2843
168444
696193
861343
320392
263817
529309
123784
164988
321308
193825
722068
615557
976382
521043
202098
496327
199047
129101
778486
48270
613748
817809
639807
639580
641099
637543
291352
144745
297385
966747
852237
925793
606502
644723
42047
701728
471094
548426
935937
74573
95434
772539
428614
532735
402695
603799
987425
454752
927012
300564
704245
650608
473483
542936
835857
921544
269713
108523
345408
775011
754757
383646
812686
348159
180950
570058
244815
801984
999693
21132
507898
329161
198402
78643
749787
691806
753400
695250
762640
569687
909907
42467
743911
158411
672401
791817
57922
875695
639792
839465
12092
131113
904403
212895
543403
482439
189984
375929
677459
207353
629143
634248
933684
823900
717057
347676
545321
229966
465283
934192
182275
405872
560336
664549
673872
800937
71930
903009
73990
846883
882083
851428
803474
242713
888071
419079
760819
816378
903000
160292
29077
732575
177030
166467
856352
611033
815544
406582
387816
193489
170398
499538
459110
891806
653657
427860
133145
209005
102685
954396
634836
148165
508379
91416
557491
906510
187001
474455
247903
655535
906332
74746
619067
295790
651633
368007
347757
911610
704200
615941
220008
521339
795795
248065
464081
983443
31230
964086
294402
25529
580337
347262
169375
782848
635818
889944
367026
604879
335840
304194
909330
400573
394213
683539
276400
450397
390007
111498
629119
417733
430959
186543
658615
690363
54812
21243
669283
54894
383812
600224
594677
532008
666238
845158
124628
541359
340648
401357
697016
289565
684834
510510
644013
783936
724552
794359
169095
563843
69343
401154
990724
401495
503929
53979
188814
117473
225041
113132
810810
464082
8565
993140
465978
27444
863735
179918
855686
273253
539713
483019
965123
545515
723477
29510
989002
638845
971340
913013
935573
480351
118540
692355
377581
702942
77711
436349
111818
714236
590452
345486
508182
26638
123236
846813
544427
723308
42465
256610
796652
520494
140018
247240
107932
231788
184338
268422
598085
458929
615810
100516
755314
732822
735788
163616
494048
771766
61511
277572
691360
241341
398247
320873
609357
532434
780441
491608
635814
88475
940913
898015
957203
422702
303051
768659
672992
330933
267363
296750
143702
151294
786422
865432
41085
631672
456792
75813
418798
454713
608302
394209
482789
107088
788494
793742
210498
865820
840190
622102
710759
885028
244405
543251
222354
374347
621698
268987
889668
175556
36312
107452
486458
996387
434728
752395
881600
836064
402243
957797
21249
538374
489736
963577
973043
831457
465262
997858
935798
367217
74399
124976
701133
434364
556644
436638
617368
942122
357137
819262
907541
535894
138182
795310
657842
985993
710033
836515
674063
579814
868130
225176
171944
227666
416044
952182
232356
953714
39484
599101
113203
580743
988167
904006
659538
665383
360556
125108
796741
388521
544318
255005
422622
380483
93959
451048
770746
168946
929670
415730
76938
678723
942743
243900
853432
957686
129254
357379
526802
851459
950810
648324
937761
499225
721089
190482
815741
523086
594506
468505
196783
526472
599635
96220
152928
157395
472342
206269
804757
588296
577983
680013
806243
44402
522927
554601
475349
734676
179409
595529
993926
818164
549510
58747
893914
532978
919226
272071
191321
356623
916511
191873
685008
946839
52997
131481
658733
623581
912658
931127
697475
50441
62664
63327
988716
525449
467194
494188
796571
692835
976871
305296
179911
761957
413621
697009
543482
341898
2564
267678
21039
529452
854203
452713
436359
713847
148132
831332
760090
62592
385795
857034
629779
620289
589468
85788
679353
400054
420189
338364
630727
210723
76499
41866
974214
366676
324181
650813
687106
521570
105436
636493
467507
967997
17234
768205
489880
679645
660530
537203
613196
268696
559341
141593
352793
468996
206148
151955
60336
893690
234019
403264
217477
772161
684159
864287
394663
143996
87854
966070
214596
314854
860118
703410
384608
912266
388908
605442
463578
421491
452937
376999
748556
743928
280604
228232
569098
989746
295787
345714
62681
433975
763808
490696
33396
34505
873343
870377
894223
959145
554141
914482
882917
397047
353115
284088
981340
476671
478322
406582
844320
488161
882787
648180
7018
385854
434388
309070
703492
216783
290182
301606
736360
553523
147506
642478
185687
635974
477805
279820
329657
309149
758618
850082
719287
322821
514138
159990
238910
365953
44573
296235
596245
206827
841942
351707
323356
814386
801794
43070
641236
222306
382896
162698
744736
304393
771538
943447
151356
160459
168177
858348
253658
404270
5443
114288
704820
216153
617119
316977
479018
744905
920812
785744
108041
117328
112536
400872
55951
37756
648427
395729
35867
113747
982308
436191
554159
446470
668497
364890
896806
159744
686658
428747
728392
681345
103686
413033
677357
547599
153088
155407
188606
482619
985007
766274
231921
647573
860394
443425
239435
109732
903458
720713
221340
602350
16705
20769
254410
254348
948970
340454
556846
803929
816972
864831
785677
112869
922526
317060
402818
125319
203074
634325
251502
146788
252238
911635
574912
685884
160523
416858
271746
562466
65957
595224
663061
9666
589802
674237
957691
687202
975692
305170
725247
504305
705350
901539
85624
182552
24287
200550
382093
567583
694222
290984
407041
456639
128104
11137
913797
760979
833969
326648
252809
650544
194852
716609
261785
462595
357270
920704
552242
248266
537763
197630
703943
716665
908445
181783
85628
325873
665152
826229
268746
477533
301917
495382
64487
222900
762432
210463
929090
810350
530148
571957
874755
510758
358109
416234
112621
423019
351687
395289
414254
433170
850254
225210
283874
18419
548900
295140
617106
109257
868776
339390
608972
310099
269286
127032
228503
944520
979557
270377
681949
48044
495968
175507
213182
119461
116839
173420
654773
248915
415355
103960
37597
205541
788574
563419
374418
926147
522567
872143
340829
286595
702924
149417
571862
28772
284692
239657
198146
968371
510244
507387
47022
852880
623271
531595
945995
773530
571889
457353
155150
955710
881785
102709
139006
597209
862982
92327
350397
350337
820021
766128
801623
681369
98833
152745
249870
931279
305880
923969
639962
426916
808553
250617
453119
819245
370849
39549
386612
589941
577259
965084
884938
297558
893557
5458
792378
379781
748317
585587
594828
555426
559521
412384
668060
771207
45400
995720
488090
349375
631403
649866
12876
268538
464740
513991
885330
233079
565961
814416
640165
213949
367832
997646
554795
847568
354871
167796
551009
781591
395151
782522
81473
470101
283476
502404
361256
805251
916052
510804
454952
43590
979445
694149
361432
517353
586470
770913
845345
149736
166269
466091
59760
770901
412706
647904
552798
933320
771657
864858
18257
511608
287245
97994
735371
38692
934501
209304
890990
335509
966738
33961
15640
810263
325207
328309
906062
279278
238963
298095
595068
700258
799493
705221
691835
999382
940408
452098
509561
453187
228423
280428
102843
550994
226123
943560
205629
372337
653870
643751
302968
647831
839619
679011
844427
652158
89650
166419
473264
910898
279496
855815
236757
631178
324048
75660
488257
808242
638762
31230
140704
989426
686351
309190
127701
641611
667283
871982
466917
907741
380062
402799
788178
274622
318707
454099
658500
788088
603088
724087
773821
535844
814794
546217
327993
722233
323479
527051
367189
198877
229257
206054
98757
780469
363879
16077
286904
276514
293208
195423
229262
221845
1482
982877
210888
789879
376974
354214
868449
416109
498432
510946
988007
839904
653508
596462
503429
943778
993652
45351
298470
926361
94345
915256
808080
217761
888124
882236
79896
424937
556205
71826
671683
415979
447186
405676
408927
531623
369610
551947
404291
462098
292349
538724
548136
642271
612933
718362
429579
777650
75972
283354
873931
67227
978184
456129
621835
947071
109488
691709
344320
774604
171846
610286
115664
388111
593377
118301
442359
417703
256415
368839
310945
61174
825001
363825
867111
797737
754911
603623
534471
607431
833197
512943
450509
454849
773154
499101
781955
325374
968891
757658
452214
74992
59918
476727
640442
309579
825417
584482
537803
554036
842664
998034
853465
639144
867081
124214
646459
427414
364148
182102
225066
162178
594790
539845
544529
557810
572767
62633
11333
276999
563317
576519
514826
974022
630006
881861
926076
822681
753961
71277
70266
503740
445449
41293
895361
120554
251137
181354
25364
771016
812821
998515
174838
769206
712341
878777
14068
427898
863568
703006
931709
693813
160598
364968
692062
873405
179123
759932
208802
169375
753191
771731
534729
952305
921081
354620
309682
178496
751557
479256
14305
569479
86906
120757
282994
853539
802292
680235
301728
334549
485277
506509
97772
543906
967087
443396
509032
664285
257343
845224
631124
63925
562136
217867
718933
860175
802152
881455
565007
757169
385709
777332
594407
240415
159146
784528
886844
805833
165458
210937
251072
128638
783515
79947
823675
622495
734433
427643
449491
754542
984197
817186
883633
922299
525080
846861
952120
553981
681176
812256
856969
276171
770398
14598
901130
117901
600141
336230
574419
115869
911734
292568
285529
707419
286072
125589
372234
344495
966586
29998
657855
565764
87849
318349
305763
759127
665464
450787
169721
929622
291848
543698
403426
763805
155885
104305
988535
262788
955795
135325
72248
163128
669643
117571
897881
973981
266152
73148
979157
525544
395217
987084
948857
907308
255024
959903
266747
594515
170418
562369
807839
649401
505891
977908
639076
607269
577609
348573
873210
425879
650925
539841
972739
430154
108741
711848
274650
150998
448274
435935
779105
252529
788324
279431
839339
573001
111425
667496
554285
684843
154202
963471
523445
183417
147973
949353
78274
874830
567062
224758
77298
240223
285965
833230
145809
630632
668652
921128
774186
600140
827104
150954
559404
48718
82411
900760
943776
27795
508868
588748
630086
493344
132711
162443
243680
822684
759909
505452
281298
53196
799225
25393
81639
721408
624147
515921
288633
27917
848736
548583
778040
183882
586592
294143
736721
192880
179946
66374
442903
662000
882062
322196
14846
734022
749281
483516
126320
888507
337493
732885
560509
224156
227312
435514
705505
268078
341123
419080
668176
649951
375708
595394
407118
265006
616728
105667
182614
243039
24440
527985
474886
703193
243127
954495
282392
681610
241328
397831
604103
354309
313727
841714
462904
843074
182693
17710
696760
452963
695446
384425
268051
752092
238513
36452
280464
666532
615325
671441
724268
555954
465728
947915
632702
113850
153385
996561
998759
199333
294514
669160
793524
118956
813117
666040
909904
43460
684821
638294
433212
349561
309015
80139
541950
852670
684444
600484
871406
985501
221132
850194
914442
956674
448864
510088
908879
245791
3344
608507
532539
222419
241060
205821
556507
501420
881219
723485
247502
72907
675734
237141
534290
138972
103240
953670
459536
870971
989220
561157
562504
558350
435914
405024
816331
755830
976097
59936
605831
468870
725294
333140
322309
737687
580379
848358
106255
694063
308021
115973
668613
481716
667380
817807
486605
473820
875084
712224
850987
964518
72224
425797
533452
378931
575532
429626
31506
933162
876785
744600
353352
402796
211376
427608
211496
701835
321757
63473
562727
174747
711341
861185
651010
970138
833222
13951
76428
545190
971867
740994
184381
51956
343623
988790
378265
857847
913640
40655
303174
311234
172706
457132
596899
806527
572476
351023
892681
595114
931834
147597
89241
414902
147707
405203
162684
557250
248908
349289
171927
696183
29412
296893
114465
147216
726902
457316
980965
449258
246267
20719
297308
351431
993802
463590
660892
345752
507978
220444
153197
895996
725067
554315
27876
899437
225798
450632
995824
693945
204463
306164
648415
217488
555408
813135
630197
353217
547889
388565
936717
503704
577826
656023
979805
122981
466135
114252
916312
19212
368528
586942
302541
678610
496649
356501
716820
557157
102521
989555
855032
781525
749748
342655
901041
777519
652781
918956
903325
739174
430967
594098
547465
959304
364080
313262
275687
695154
604619
587293
41895
626388
39254
533478
853786
205270
336205
115352
737105
510421
540263
926774
841228
124228
275721
968773
115047
618935
869361
131726
894936
136952
618677
398357
730404
1923
471222
344612
465277
973554
838640
115648
959305
86869
142394
835785
591117
106086
762588
766452
450434
277108
473201
301551
505027
824388
428003
581362
728612
67629
859814
894843
75972
803920
586838
23875
797657
138275
113253
702775
301264
817610
682086
27765
57586
641382
928010
998596
815143
101401
896618
26304
995513
955829
261005
50862
202787
74753
813574
757740
606646
768112
509269
853328
641586
670560
323800
421646
125376
954408
26313
497055
651966
358070
197701
872355
103711
910768
228060
810403
852812
991976
179770
235822
384188
206366
456116
901830
4075
555328
254067
627315
99420
371930
989725
318607
631012
605421
475639
474184
295191
914552
621756
394718
873066
542552
149250
48084
864415
293373
707535
62184
43194
772284
806508
745927
2016
103664
167720
733911
850508
268649
67404
106869
36268
690410
631657
584822
551567
450089
436015
596830
550726
910247
184498
452946
64091
888689
4719
189093
193324
200941
253675
880206
518801
621994
879804
210858
807674
734322
974994
210734
751381
718428
214562
150204
947186
984440
17414
554097
362257
172149
690095
823743
934654
957289
752135
886993
566696
199842
274644
361911
889634
827510
746875
865093
42582
802641
908901
119293
883325
629379
499087
579563
7402
717843
973655
19329
28119
879434
222110
724534
935873
708003
629031
362691
722734
575320
657160
18427
864879
173104
19186
113413
593703
116199
52209
314652
260156
410116
99990
430357
401565
620350
296399
98751
801311
364316
691825
712628
541269
545535
99879
945951
968592
249429
597192
596869
965401
842073
721854
433149
984716
205801
557484
291081
512333
578904
24796
775896
272381
768500
197057
568061
940427
481422
756291
89238
146665
73447
857436
148904
876039
205392
588546
381487
518019
245542
641975
846592
668024
734710
140498
428596
485186
489329
213994
551819
654575
384886
587687
412348
633773
13613
363414
106164
859683
621685
490445
324454
31754
290481
209660
775296
962651
647503
245796
737339
732366
18189
427131
426388
943777
193775
57655
290840
125892
438063
111975
333634
621720
685873
609463
765739
562343
476335
23900
305147
329285
808144
79928
780279
157842
3253
861786
822644
398693
912164
885830
211709
459739
563131
304699
424247
452256
92199
726834
847515
876825
343876
988941
243004
553047
177729
8171
134852
669878
825320
99120
322726
856311
468465
677540
538645
559842
732094
438856
662250
775118
45115
962281
224770
128400
539974
241684
294583
53303
399680
591023
535809
472745
17333
722575
51064
1108
426348
73084
940328
496255
159795
806295
433549
725420
786673
496242
981336
999284
97634
821080
489308
118658
435603
817855
129868
431372
72775
993731
771038
651255
655520
519363
93353
627517
89195
588774
296570
681340
720811
790139
32947
745874
334440
980746
871755
298108
839262
487826
405375
755822
730521
454894
555961
554633
249324
802000
104186
93036
927556
318855
202020
329343
872262
360988
872339
79445
598497
477270
76904
496807
681072
95830
927465
664872
316189
569621
991916
832612
211686
624905
295074
282681
535095
928497
114778
460034
823644
155626
326919
847928
707029
37989
6998
298788
531289
536351
35755
535031
955872
424366
596371
111440
5698
193012
202575
283121
151644
189855
140038
204211
483051
963923
643271
33568
306169
145474
791069
120808
981062
446950
391909
953365
999835
50731
20638
507546
14066
65257
121688
766844
882697
254148
644236
131452
302811
900291
557985
420962
971030
903573
954952
701720
7616
342730
805082
701141
895277
326143
452878
952403
170081
665715
500726
568895
156774
181420
941372
709617
724668
574886
92421
279892
261208
461743
708681
284870
663871
453066
474411
999904
628400
604351
287401
75300
392401
953816
694063
351083
960612
84974
823398
70300
850768
617489
518967
555728
680482
226016
131598
42461
327879
866605
927392
19490
579031
542177
981840
997260
952339
694684
214271
504031
704234
496119
23375
56983
836003
744996
243348
224780
107068
206422
290928
418228
676051
224452
147661
587104
935354
350148
322694
237590
138435
715979
604234
475010
228786
976170
662539
649410
491775
211827
869247
861180
511400
899863
957495
808610
38876
781849
719043
828492
623867
975172
888983
958044
78273
999648
221088
238519
640896
319948
376530
352231
328583
516790
169171
68159
790236
737643
407441
610164
55550
762902
167039
267835
686410
282923
231397
232535
778032
426398
581940
773391
140215
584620
17515
250829
47762
308961
348861
203141
895206
989474
615588
375903
988527
243833
533241
420476
66963
102281
798235
58991
158000
823908
691257
243061
874354
945122
535026
352387
593173
245359
828141
703687
61457
1007
486034
256304
449868
491538
443961
641866
853195
445583
505894
883125
15965
772653
169622
824744
550852
292550
100238
420344
379310
476431
576343
294875
647656
855012
915633
568946
752588
479921
702501
798663
218921
20290
545493
733702
659263
712626
889529
259500
985823
287358
921190
646141
435023
597959
180029
368614
453111
943586
337334
535850
506319
859525
30734
465039
718782
197017
2502
491186
276657
772922
624147
688884
896705
198312
277016
330687
169975
795853
963135
110124
871695
430671
867608
423286
838671
777620
335842
150021
985177
982398
303886
332042
637949
756781
578135
685687
576652
823154
493184
45503
644938
273464
90914
59104
621752
575211
697208
31116
910931
63233
86222
182996
605781
479603
869664
76327
957396
791271
792012
518156
750698
859762
904380
156381
134406
802856
668949
170013
157922
33451
682621
937990
346306
185575
214847
561212
270280
939697
890825
711928
690521
935442
337879
152962
312576
535838
346143
301467
948829
933439
763169
198633
397339
953297
859410
891987
873550
382084
934591
515791
691213
261799
73409
952820
194597
48453
824712
639851
815643
712687
824387
156034
548443
120200
340655
719860
708514
956920
829172
857020
436577
419025
857958
417944
122559
516364
72818
409315
414491
149146
822004
592741
94737
829724
56057
508691
770353
632741
56451
225778
835169
510496
433057
575319
920149
1995
716124
905786
128532
819564
313029
524238
856233
346406
710557
758663
551173
54551
375701
952472
112736
533255
824778
766702
382332
454888
899546
443512
765081
933042
654715
171802
486677
930672
493429
721286
947428
184144
204255
37268
260096
48726
241687
916938
581555
876370
128510
240135
259984
462519
728951
579382
77109
912938
512354
798289
716050
64310
260380
867
269154
261004
156700
766365
785676
82775
324458
671250
530472
706420
419855
430696
93601
641234
586526
849029
556917
236291
605900
437815
973545
987537
880490
738235
884752
439275
194284
670485
540664
836498
744920
166329
779651
333376
162140
285452
567612
275752
258436
689774
69573
35874
290287
478619
714779
648533
930592
407838
665387
789097
986600
75783
476
44780
373580
820215
821958
249204
999469
708628
748845
766975
927521
331073
987392
687620
941910
141766
239000
200280
518178
187683
772704
200853
171847
624941
673268
303094
101496
26007
675026
999419
508742
488839
680695
21491
123565
748334
525036
443521
504550
165988
5829
424676
482900
173718
630127
248872
533544
5721
435236
694316
7006
201348
435509
617093
921725
164013
912436
22600
392719
894359
900695
451684
931507
326605
163111
634690
981589
896625
538884
853980
394413
970870
490223
991602
719577
489069
957765
997149
322275
619493
375755
386673
626223
298273
310426
425656
779804
13826
701192
265214
714629
629419
18668
701046
582457
955963
82288
980047
637020
60695
411429
969368
118474
788824
98030
685849
526704
299604
846073
783546
518203
566367
863548
983571
701192
646531
584049
831398
933737
719606
86840
282558
85628
458523
72684
431070
53831
194822
4129
982419
704805
553113
606533
36605
479960
981887
999122
97464
808122
165276
711645
487321
747216
798798
73906
929967
367029
183563
971578
319839
528418
853102
293259
88827
855039
590694
627582
983589
30109
95727
466865
565689
633675
83132
714138
302004
221982
356700
494806
769768
458895
392987
886596
185607
509176
469971
749395
75620
16423
205733
234261
914546
188305
938692
76779
818367
402020
312091
764657
580982
910560
793456
754101
905522
60459
717021
377992
1182
668128
560174
416148
551801
849461
598030
142204
314938
669276
983639
668617
658519
396695
343316
951311
120246
528914
454919
241042
669571
194968
792915
608681
742469
354142
330475
673670
830952
34546
819753
636508
260561
295467
333329
495591
258081
654082
4802
653123
637203
535128
214958
777443
220792
63475
880228
866441
174145
540460
84545
334017
557000
741858
755594
309554
703732
762767
873081
265869
616244
712091
833500
481302
197980
277992
571304
227959
890747
700717
726484
556912
750344
457280
955873
239768
698268
639096
317007
272375
57692
947048
143947
251527
343328
925989
196174
334423
16926
859416
499350
604703
238703
681945
625055
130163
383457
224151
499331
221516
271333
116447
265261
140417
965112
276299
349547
955735
551473
435426
398992
467285
516263
136930
799963
404965
349639
861339
821217
790140
803191
921565
170596
660352
725233
679350
665703
324099
625371
515978
988506
494805
33118
514158
406533
345470
824384
854150
869691
698264
763140
8252
214401
376910
669337
427246
48362
402127
90202
845765
236907
7850
717217
541187
902059
533209
929960
791393
623589
723367
298412
511010
17221
903800
635501
954678
167177
5470
381063
39577
953322
636813
443389
122563
312878
843754
934747
448630
974633
49033
414787
237582
455998
333936
327665
886286
426514
854189
668752
865044
333895
748747
93953
598816
957158
776267
1057
936094
131883
759491
622952
21374
631108
765739
666912
272218
291720
872079
296316
221917
629855
952733
948572
370724
344385
732009
851676
15583
603606
325166
359502
743469
817021
349920
387223
860769
453158
90433
264644
737537
75645
18417
649807
487559
566971
94258
371651
926136
651759
34061
798503
794156
651669
238910
255749
245648
15482
131663
660234
47735
121478
448638
653742
716338
249422
22806
55692
694124
813729
10656
766921
200862
296466
746838
640985
538356
629188
629457
267697
543582
252666
649254
945538
922325
159415
330677
356920
461828
832044
978109
828771
253583
584371
14385
112263
403214
487288
642571
297243
600896
474518
88146
263976
928207
7413
21177
311852
377240
477334
505362
707560
869510
161286
67486
492088
573222
147197
765934
909467
586366
418479
967416
861951
717070
636703
945819
605700
156226
615468
45258
521241
667068
566517
491467
615041
552316
58351
548606
307832
247717
235002
555015
567842
717800
907189
597483
773345
462607
357363
302365
637350
784837
542066
41963
814398
529979
253220
195501
217576
216040
846523
444051
820271
372413
66820
370160
244070
603557
218265
236672
488035
852260
864558
480208
66666
379418
411532
481857
768751
953279
965148
487593
240476
545880
125940
379252
823050
366868
167287
121176
10560
591122
869313
825811
963104
601394
22720
885493
558451
260428
362387
245893
375778
462323
693378
297773
720856
230466
776575
853209
555678
319313
734170
1244
944580
543728
936073
366984
453333
570584
490655
254426
584817
901098
53048
405022
97734
542527
727299
131988
743710
979585
731245
73756
758639
2173
842624
320586
456048
283757
145914
85191
688410
157186
385909
861849
814454
658599
829743
659333
731428
814068
349670
24986
679565
148377
960528
805400
82059
740394
923343
420925
669690
949774
97572
279544
601501
787618
943313
656993
801915
727728
228849
723397
455073
636445
876594
876482
299002
841441
3197
385890
93958
208030
356276
624293
960248
435629
337774
306128
312759
623669
419864
241741
432115
687609
728072
841204
82400
454091
334624
750273
966118
528741
291181
919654
44
417690
208143
751359
116670
858367
181094
726220
592902
3986
797131
500133
143503
817014
31261
989886
120146
950747
651048
130906
579818
179170
909728
98609
912251
614486
892720
848659
431894
821711
228430
901334
824499
405336
234815
469026
586486
399082
964272
186077
277830
384884
602401
507718
484554
407198
170728
758952
4023
758169
959077
734950
508210
989380
72262
762182
645561
619841
237247
700269
615533
558765
110166
251161
638140
56264
719049
916075
583215
222131
191815
470402
377283
850763
748504
34055
69900
304186
765265
259589
162882
73615
929067
740105
314363
790229
676446
437029
200475
178366
659105
462793
742412
509619
870966
272807
619172
504511
84456
582490
748278
785683
863461
955861
341037
391344
933689
383808
775635
973916
808761
350697
718950
276763
947382
935028
918604
864948
949097
597349
769461
35060
23899
943965
53931
430307
17731
372032
792784
792124
241945
388617
471609
243148
120342
523038
723115
500800
246815
984764
344925
915804
43665
569578
635087
409163
647844
668364
260702
303449
617133
491006
798602
488104
737687
607857
816845
124754
262971
558461
579640
633700
912708
562117
750887
274753
778882
457888
449871
228046
449842
589309
442414
566593
353084
416689
174617
767612
523477
931711
724458
542483
360666
920477
296571
546674
819095
256083
991518
700224
901706
471367
309309
774199
429172
395018
955321
978912
318106
729035
815651
949838
2014
497866
21357
719296
336110
760086
789924
393358
28177
672515
438346
565578
155619
471086
39376
552725
615212
853814
890342
413740
439538
70888
788832
376415
807593
221938
385710
830268
480065
159915
838382
675088
77459
609368
18217
653866
564078
839460
997761
205147
679204
886216
96378
252720
193280
817439
871091
705472
459570
424745
818467
494865
464646
219255
668031
151273
533755
143525
338885
776625
783191
306691
124640
989040
831809
574216
513972
212658
474998
762033
811773
621503
404195
539582
396363
224720
440931
871946
755743
196469
909069
360802
248985
228608
732516
355521
17370
723253
111553
977979
555912
235992
112238
113080
200166
631411
475717
261052
207977
864876
765894
682743
866641
195356
985339
172042
503523
904350
582256
207879
95893
131465
538550
918546
721489
339924
925219
772531
600471
325234
685077
539208
160645
129700
612558
711802
606484
751388
347203
913939
510958
108512
485492
76770
708606
160580
574207
491576
391531
473723
693082
379691
108220
413268
938292
134184
323428
116543
701769
516314
764791
152674
214597
556957
604755
96135
913729
370625
879506
572929
232880
382460
385038
279909
431234
702270
167395
207640
873512
582348
517031
636874
585046
813704
531426
505402
121284
842828
92484
934187
668991
919494
287167
821908
670432
36891
382112
633247
530980
648534
235449
46735
962881
765886
125996
164051
916439
63052
803169
27107
138477
382209
264337
684938
957894
629596
508846
837251
845954
444450
328989
883986
162601
214101
155051
207705
564510
397760
20186
249844
745774
166151
70720
801725
417655
883809
771886
410770
773517
225527
636073
651463
646866
530772
996927
81001
705313
975002
635499
937217
509971
707198
674543
422860
575335
766349
170951
945016
82097
122054
704826
380565
391688
822149
195577
231353
169965
927908
576262
255371
604041
518084
649702
508099
80991
71636
18310
176626
160757
498370
421696
562468
910578
787069
187611
142112
370963
373129
790621
852194
402962
153889
951619
272471
35250
571242
637755
947556
999028
573823
119253
886472
554737
916136
682735
491555
78797
756104
35591
754284
16108
202943
569757
53629
431797
791176
581996
735010
206347
838685
316948
766491
272891
790873
685610
393519
341646
358775
509751
610506
719580
897121
19397
141524
540651
931659
482840
268373
425984
199582
851068
284136
927083
294575
408645
164772
675830
978578
51586
943511
695728
735429
258566
483071
981514
301617
728362
953336
984303
93970
54020
650319
271577
180038
279012
214685
749656
218984
299261
622513
932930
237593
592418
524351
313302
410594
906091
858542
762488
141513
480100
807122
895582
644903
344944
90651
953401
158894
598602
234656
360051
355716
502303
888059
304099
830183
920998
222908
477435
581400
219153
815336
555242
560187
269941
151031
967757
778373
293027
965238
395919
96191
137736
264458
576538
48287
56689
652363
421736
968922
9971
587019
600455
513113
141397
363962
541114
44515
911184
716053
57671
371505
658750
683031
97312
397794
391622
932186
828168
150185
22446
472291
920278
71821
203977
545932
723779
168733
791481
798946
858452
701863
621562
577626
515142
232582
295304
189728
666534
236928
870510
249600
539228
713685
678580
896249
912811
738338
74485
771075
619724
156049
502782
194023
413051
184573
208986
333685
105300
134950
814142
962736
217441
725118
727695
640339
613905
563191
204391
362720
107300
194058
384149
958249
709797
768605
523560
20175
276443
321337
675187
439040
648013
208386
674534
336264
468101
635713
466091
435914
532473
612332
79593
652394
882823
289099
114274
513877
539177
291968
406999
253326
783214
496226
926888
190916
899638
154569
693294
582223
691049
498916
799809
712211
495902
748514
401254
314446
623926
347942
86345
238034
623059
551483
32246
504022
860750
615628
565922
271732
112353
906379
86272
751713
985823
776413
990028
156894
192040
74542
656443
54269
808662
941967
770403
654634
625544
254842
20973
270863
607125
853633
117184
943768
780405
355497
178199
737958
202229
615503
936724
590869
566380
283468
670274
182101
177012
843748
144072
991901
459727
601507
549389
77335
525828
671978
734338
79567
165779
617653
318664
713423
974745
934833
274757
288513
38007
980988
322626
259750
463118
661923
318263
252046
594921
568996
610410
143563
432667
395830
899418
705093
211087
756986
545960
581061
426965
223188
844215
957422
342392
805747
618594
531473
320325
651627
778226
224069
828176
222057
756525
962754
969309
398103
398636
464347
645088
928272
21128
249067
621215
243540
100394
720650
800396
618043
194543
668489
588575
148349
322033
404355
828899
59947
803186
925006
108793
8147
201693
955987
410330
125856
434558
598496
653928
492982
766266
479968
268730
544160
760450
855348
556928
799111
844664
556025
857826
158007
247277
364745
974016
177824
832191
82494
1406
444970
632227
971136
377858
432606
446913
153887
616565
551591
375125
490561
223180
751885
429043
942567
150652
250056
524499
676944
277211
353699
274563
80238
278575
574982
28923
874416
827010
662798
362365
260613
161761
619397
496626
95175
654320
587917
325550
261447
401317
675111
806779
771414
153494
581900
47735
266468
597686
617575
739632
224947
853463
527151
571198
967426
524164
373123
130346
489640
845950
10672
453300
834861
237233
337865
611308
500397
469522
37727
296123
272759
524652
278888
341970
355846
261301
369709
104501
965764
177891
139700
440375
723175
919970
855621
974472
446151
890101
782599
320790
130389
662569
932703
440288
743168
452102
918029
581914
850555
163248
410755
532072
666312
874466
467964
219502
935070
406389
913649
367586
619709
255994
186882
70557
741741
983280
281241
675365
532818
142403
944989
470026
622631
78753
290245
380841
624100
14742
912345
794733
109835
276624
276171
755080
183693
911159
558695
706324
844726
158419
670822
535148
770021
777306
289582
536749
917584
446937
189639
730462
194993
402927
948279
265014
113211
659854
60289
450745
448911
260659
619739
478391
375211
329775
939724
788561
617368
735044
790568
668089
746958
985855
524513
11405
713223
463996
936131
138270
695581
325582
600650
658820
849959
294425
316946
882843
84700
6549
338933
778337
454620
574354
594074
662768
908791
621642
383479
234366
997266
867411
364591
375239
725140
659522
542017
970813
509809
557871
944833
910702
372036
807164
628463
18553
763569
826594
849694
629046
294100
946022
549513
746931
391062
955885
938106
633842
896968
287762
396127
737609
791576
740272
943033
512784
545892
978603
97334
115354
807948
490885
185766
458425
271963
580194
386833
311423
778335
369284
118511
900651
844736
230539
931590
189736
336531
493576
811820
398998
42223
651762
741678
409705
536163
571940
486255
321489
741046
481819
683601
32408
32341
808345
276565
454160
843278
295827
342419
32515
597563
292572
115740
389192
836503
166913
731609
509968
164178
262333
630926
987726
55734
603089
913650
332210
6099
83434
951385
419835
794426
99041
956465
308614
593881
881411
792747
423200
381769
712337
23715
510141
29784
111612
929552
517396
148192
492867
957070
604339
229020
693153
437407
866344
26019
654953
419794
140431
685574
666357
853432
126407
115698
624625
65584
442466
3677
390950
440683
659741
878661
227308
931618
608939
797781
627856
209849
599675
127573
60077
652180
659840
750075
536637
848438
389882
817856
292791
434297
138583
791130
46924
76256
948008
780333
256792
723191
558203
850735
546660
26415
568287
702550
930709
100893
929326
934109
767987
185882
817873
514579
466453
968946
482000
686223
833619
717523
102115
758422
568151
574806
948129
198452
479025
847541
658450
809645
753117
897460
207259
249252
852597
679721
876388
409817
661135
82848
876519
160569
72640
903041
887025
176966
451643
157298
65621
443138
509347
99976
473161
594491
665453
207460
186524
463828
26117
434329
102807
312611
210846
36739
398071
727862
336480
493498
225839
183965
869298
941001
484810
550847
925832
363797
833195
634602
673580
283876
354407
840294
469061
15139
911703
968252
121159
117927
843448
950755
28917
427630
115028
201275
560959
854501
330397
908855
195853
153491
196885
356783
692
300186
514119
989226
551708
371515
835289
906287
992117
656950
473525
530745
779040
905524
657809
878008
620861
1661
42538
719008
878169
452345
617042
250829
663423
326747
727951
393590
619133
111252
158311
237281
847746
72390
326738
124327
688679
299551
720331
550753
911860
575272
979992
751086
442452
962602
541131
739053
900818
397899
503106
816102
236287
209040
735719
903132
848842
740205
548368
577342
772995
993698
315182
712184
952852
523430
921842
102696
501056
896785
677002
735412
245772
706714
477780
539472
749619
209251
147528
227034
290492
184355
246385
812079
378737
627625
386297
914776
101344
555288
892335
604087
940663
879618
539316
825174
713078
821619
973514
510147
550754
636746
551057
380802
388050
812006
303351
425674
97186
826059
241734
291007
777214
585006
23969
41929
412646
718966
285228
319210
301181
539502
246316
663962
606710
380432
722914
9997
880155
866639
483398
193830
873316
70224
1754
832252
886351
546302
698043
382664
346925
379262
914994
535460
307976
699673
529846
378023
993218
919527
497729
948902
332102
889940
207702
179920
99133
502672
287036
3846
413206
477863
265451
380692
813684
9487
627492
880838
535392
908312
963954
100984
315945
525770
691967
418277
297669
934898
962367
959607
877823
476487
988861
869962
560021
274246
621815
695379
36899
288135
420774
205309
255654
678244
340187
562740
949328
413910
463721
928486
547193
146346
345807
811780
546137
97351
799996
923897
817419
131346
389563
967329
832733
897517
382812
262528
370588
225208
662233
762093
287444
840435
227714
679855
336743
678405
841543
205087
973783
548104
546807
973548
512628
950902
450121
94255
889826
542093
102365
287214
561418
537399
804542
439172
252990
11734
3862
473187
397351
538505
433807
671503
372292
366153
653052
752097
298015
672826
824172
85082
141220
215697
624239
532067
242988
776155
414892
540415
604343
968902
286994
523022
755520
350479
59714
899191
751160
844508
261944
628644
451926
974769
433091
519298
12945
136545
16625
304307
994683
941640
821065
230352
873289
906154
587414
841676
831095
892036
529021
68955
520096
923121
10922
14163
994372
792881
946847
817602
756786
417485
349426
60736
467326
472493
338929
6716
485263
944506
381978
25048
783351
523763
90858
360827
972266
310642
116700
941247
232761
459694
21039
193180
476592
830584
584348
839064
483695
883430
225986
965035
957847
496285
356345
460418
222347
433773
729358
785293
470184
504713
190212
116483
228816
658283
65572
136604
297460
976849
951915
526386
224891
84566
400267
764379
384480
97224
967026
199392
77687
50023
617132
28870
758032
765483
714655
915367
130109
751662
171149
89448
873150
503060
292016
718734
561989
206689
767442
304554
669495
826800
675988
987000
997844
369901
224639
945270
703684
916742
942432
541112
367381
238539
354134
805887
480764
338865
448637
277410
609319
630239
549649
66324
543818
967793
126828
243389
70221
925891
950159
35033
532681
389785
636939
997667
817177
97273
957234
683000
929268
342016
104274
185325
274627
935995
910214
278706
218680
704168
138684
734966
192003
154483
49437
966976
910912
920134
553890
138492
549585
568246
454309
400610
537031
483747
932149
244798
252119
478720
527929
969570
581223
515055
829645
700733
911654
138325
896176
271759
951373
490212
381535
867112
551604
277771
870271
556350
905540
217096
355486
835444
215902
864084
375263
579765
74189
529087
50578
629221
227649
511671
192776
331267
983682
192114
560111
411590
319143
183954
352010
503400
569453
966055
75272
570185
304641
511799
286419
386307
944506
738415
637425
601508
441386
160851
468392
932446
573388
375887
400878
905317
888542
943534
521419
255557
952027
25565
694707
61885
931246
979744
84937
53951
233843
672535
36807
548439
551907
889959
408636
501813
249716
249722
36763
609021
397363
457265
533222
426615
807909
858207
136513
718171
816167
377336
900230
776719
857936
194684
431328
123579
404537
513018
381561
935570
56252
30613
435212
755811
312713
646375
85987
184968
986074
468418
739992
228731
995839
997816
86735
678683
444163
699770
454331
397650
251629
64021
215793
107833
124049
521498
804390
393552
880001
346296
251029
729407
58328
398041
538825
479720
574940
52606
578959
827899
475949
716615
232803
201313
911505
402925
286020
443668
373450
69809
199402
123961
149683
905243
995078
683688
257208
296470
803437
501052
520893
78359
556653
820617
605659
505070
91555
427406
872250
126493
754653
582298
369491
168226
641432
855510
616263
668474
610730
979392
267128
22171
883222
445404
647678
500238
379852
588559
695765
762575
966905
877420
900617
790583
645462
993278
145948
678611
369988
514794
578682
696779
801185
969935
614564
857738
742119
476644
15347
912917
777772
910667
307422
607240
862604
964718
755230
132832
526033
574710
949818
806281
20609
943043
16757
555033
403571
848877
523031
217236
428357
786997
68188
546257
76242
79048
685162
178479
309798
941534
633448
494178
381351
537308
895016
958539
734554
571786
155416
342688
420223
343718
302009
790111
25002
383379
949987
765289
791040
393744
30442
673392
428819
558062
228371
964738
982759
60768
910564
349153
39422
711807
543219
432681
261816
644255
792369
709724
921768
111954
802211
370004
101923
21645
266759
230563
831885
539112
473291
72477
431466
264054
845411
393361
549875
601838
991101
725626
184103
469815
144460
609565
488010
65092
822030
284092
864617
601683
667151
978179
682222
749074
323352
302955
722456
295802
934562
326560
196619
61612
12882
884747
749747
51281
907383
79772
243573
880638
559502
664111
203721
305089
150599
3854
592291
606337
424645
513079
701166
137865
449332
472761
36369
585201
855514
52092
756015
494983
515702
51505
103156
633046
28949
312741
468546
116289
208872
239371
850354
827524
923647
823239
101412
112482
409918
723950
726147
474638
629354
992755
25109
303466
334455
37644
389160
19861
496184
749957
550399
378844
943243
937309
189319
918555
881038
572399
877132
886219
232107
394542
245992
910730
477674
404514
729316
414335
199765
87513
399354
379393
823288
98042
578744
200554
497538
927746
539056
850915
425661
429125
991005
491365
492975
179229
22981
863594
82722
802902
424503
347621
996609
704535
145735
628704
316791
211225
400680
544334
957023
886896
194010
201571
595559
494549
412632
338944
590110
269301
558278
271368
639899
838404
631715
484014
324287
470012
898030
855176
418619
259451
84420
5308
301807
335998
592025
195890
526811
509057
126175
64632
561374
202939
665248
650311
126086
399927
2976
348432
50316
740147
156893
863512
68344
169077
754228
837729
831842
648258
973902
719315
363435
960070
923216
453568
180264
284140
301233
310004
555790
897334
159692
979813
107694
160524
299643
761742
478973
333205
828071
489817
203387
30111
527870
942178
966164
263435
683272
224241
800738
973070
219111
365733
193993
207661
709272
149798
480920
705758
51708
658064
497216
452415
645342
276646
577525
285502
966197
99954
208751
683206
359189
562584
860492
602844
339643
628874
800715
880949
368011
711260
615292
976338
487326
307246
62013
474830
587310
340275
68869
498586
351172
634694
988698
892314
938327
869758
193314
578016
698305
275053
354905
337541
31354
509520
717300
599826
976740
770457
766456
785888
465700
822815
564125
298296
547919
36594
489899
483875
888313
989291
441402
686344
51884
753901
200136
988592
430284
880792
784359
589413
544409
373084
765679
872783
684678
155580
148696
215760
776069
924657
440370
814113
347879
663996
836314
947749
854774
63819
595939
297949
829464
313253
191077
640987
128066
34054
822564
9392
862190
476670
647703
931168
428455
53709
111378
599738
798847
127631
363510
118058
627721
181518
905871
42619
455997
302085
875920
748264
50614
190960
802265
763753
886563
299956
113102
290711
968385
853463
214773
556045
511699
549029
202231
618532
217110
829750
998169
746333
52231
355745
667491
801807
77939
181367
117070
541825
179451
633561
433912
810213
37725
922563
691978
479639
634747
140143
778908
763329
448273
252757
931967
236322
48041
333023
652325
924779
788857
731729
199743
417384
318363
746614
877954
63713
116161
292909
886226
359281
884232
928326
311080
674948
542773
607522
772688
684480
28476
853479
467099
928993
195827
745661
610516
414599
321432
570672
818864
573070
845811
502014
954022
581663
666472
820066
924690
262016
235144
84632
384665
237177
147845
504075
246731
544198
482104
74844
579353
422683
426964
274243
158107
791732
286616
253855
358738
959500
587115
983464
448441
979033
534920
827145
270891
934965
744413
736672
203391
5686
867193
899622
325835
710595
12458
34900
324354
432180
723268
348093
443796
807954
106849
371944
816927
358375
440006
631506
309671
855747
224271
151160
183236
371537
548372
279709
111802
476672
340936
410690
577968
925190
178733
741171
133287
20844
540692
264777
629729
887903
815904
778457
118601
485450
875393
382517
984739
934838
835807
385167
588928
510468
730680
479106
453860
308817
247416
353834
521588
297474
531375
875751
38060
148790
953199
69063
128875
289779
357648
484847
56177
30446
808202
664646
436188
957999
466811
847743
84983
752195
715459
231742
868993
453074
434691
731111
851687
472562
736829
141787
312712
306687
569214
311459
431295
207536
597757
217353
665087
228288
365334
312595
335808
253328
970632
165903
194767
478574
535337
639993
691709
222169
548446
599521
17928
464101
39138
326714
690873
510864
614414
944472
453012
919751
349624
78236
558533
74170
241929
170482
697301
26535
113756
452321
124921
177139
803237
738525
307649
384784
767039
99733
641740
270817
92496
730424
66503
741706
175478
322121
661557
141582
881128
290405
180656
511357
171378
114052
840669
724035
768286
463651
268048
460334
208323
168373
489308
757100
505834
131142
827910
919818
822562
508850
325132
764414
867419
190752
116279
230383
118001
293153
863367
201670
609152
447468
790615
195738
614842
659242
237283
661997
85510
667086
515554
354730
870468
791921
260022
73278
962548
297113
23934
278731
395196
927751
211643
307513
298574
566966
782172
9457
914925
302868
77550
446646
537945
201277
396300
98709
477011
66915
787630
552303
781510
984737
795710
495547
954147
745235
111373
79763
46926
284021
385154
394778
784717
414511
506824
682092
32663
269986
154074
705934
916578
429693
525608
113449
886452
934034
418068
84392
904209
335465
338895
764890
985129
810970
921678
442342
145527
372897
443199
940603
324390
554795
884416
102527
252174
688059
419097
687483
931614
669085
726486
542230
847145
985841
990799
710320
686331
99850
924886
374280
822459
255171
898816
176283
876790
904182
459246
434707
805893
253041
116364
856409
64122
861564
551699
107275
391372
537868
935403
496672
606923
61099
893852
819340
760782
495392
556921
534684
997994
443205
811102
58002
628551
506694
116727
244536
545286
463034
36815
196009
236680
418903
967647
574909
723720
545724
593500
159798
695082
871928
79977
191216
619096
253374
614594
999785
990983
262337
775578
67551
651327
751998
136299
998011
849265
661438
938525
332786
526106
139382
552175
255759
259419
651788
443906
392529
224152
187649
322200
790462
235809
599010
195132
631307
764323
126900
449855
628949
512919
577542
86544
764659
52145
308957
556454
26698
170353
455782
325233
215133
841130
872356
96732
387907
767011
208532
316996
217144
778695
369154
644837
969092
931710
250979
205908
826403
20610
614603
505245
236589
110075
711338
483624
935835
490054
466826
408691
124376
403431
953513
671213
403579
630649
602671
356337
776941
647029
678469
462233
776740
948045
231635
852815
893906
374070
219965
914085
312384
281805
816508
396448
766574
329995
840968
416173
936242
152902
405092
322707
937735
140801
169644
832398
522054
921731
920265
568180
692491
624553
317184
280890
299925
611194
216694
362995
619446
953196
800047
14650
579475
635878
439473
649486
688669
886005
918756
32266
838069
992585
91314
163817
439612
633290
821034
309323
788707
680265
239723
812320
821090
501678
58048
284077
980015
339025
393486
248683
863475
971242
369484
544040
794108
253558
711205
416766
577
968816
560959
518606
222429
338006
927887
124341
983493
467919
973235
93042
257636
169639
157366
201234
494419
223623
486733
101964
658479
828740
502480
307261
292282
649225
522364
161181
720215
435704
75285
274116
157984
732979
377804
475259
387165
245181
538257
909574
618915
319750
407668
12379
231456
186650
828840
54585
608745
120168
658498
794292
232894
808008
568549
38885
159267
453424
837900
225832
55465
692132
539001
531479
306398
380345
624667
382428
897895
280775
753666
597754
802362
57357
829175
978258
10490
289237
201929
141124
261706
35928
689180
369727
48320
472266
715108
817372
901142
20543
953754
708418
764643
594106
444710
361113
235512
274590
82326
139221
767826
982630
792196
220422
610430
195634
254014
659016
358374
885037
787452
300607
356046
488946
475395
869774
575695
771596
607748
962382
872851
175152
946437
165663
789690
229380
46156
269464
129105
938391
569255
706499
733380
700411
192423
412896
127366
517593
726192
694687
954303
900710
84047
71413
879664
596688
540703
128268
136633
782266
569892
970707
988361
712714
222237
983490
425617
24429
495152
904919
57931
889533
459935
78100
575873
314121
123744
516505
426427
487875
550287
993358
216901
966718
813417
631695
642929
468411
702384
126076
587960
888352
353054
18017
530579
90945
214713
256439
455655
428389
964971
548642
767972
265707
962289
981676
113340
741489
378585
568653
169500
883601
57407
89667
736799
610222
21236
347373
357726
207434
473382
869679
145488
923433
175636
669015
763161
608409
895073
935836
718283
239399
182499
366425
908485
436780
843246
468710
797755
699114
320552
988662
369062
336398
792685
416185
130756
308291
665500
512821
483982
28699
125145
237834
407914
17097
337624
715997
237361
137471
132917
493780
81224
283431
230516
999166
99724
547569
145870
188246
348119
479406
443468
899487
423640
981515
484907
301841
459678
344121
229241
576463
655851
834957
99277
814233
307029
808369
247540
352039
334744
52867
108198
488308
954965
926904
269119
220740
33900
523550
220963
42407
763805
310424
566714
474158
279118
905070
207985
175470
943667
109221
739353
469151
760417
989323
325132
134111
437436
454688
628329
12223
38628
957047
56830
607354
106942
9652
625771
213885
690036
464207
340532
26904
930265
529742
474414
858540
343105
877833
945365
383855
963347
929913
313435
521617
481380
839718
886867
334926
678547
784512
112862
72935
162445
435915
23811
157156
271119
846688
697592
697502
404820
756645
521702
16455
174618
303703
723814
449520
854372
790357
448375
163079
87893
373703
8528
510287
914882
402789
879125
689121
710558
404475
90238
691017
520965
377857
697712
963521
275107
492364
958218
521394
362021
748779
644300
28271
144471
338264
482808
378423
357888
91706
93496
13579
919296
686112
188018
504110
295296
735988
511161
809621
383082
455684
66603
761564
126165
196438
326971
893290
104878
39892
446849
397145
919048
284718
484288
975532
293530
450073
433326
202868
794539
538233
578589
291064
824624
471206
651033
196317
748792
311810
19299
704800
587925
991603
303641
9160
359132
807497
835952
793143
386630
505691
165761
331103
203494
449759
844081
722974
555896
491456
309018
567972
82875
110572
132531
100917
894572
281402
745533
295992
967003
210200
41955
446773
800987
437150
891340
790862
325872
699664
19577
161675
139042
580281
621122
791973
129830
896167
948521
757865
400085
572766
170324
392269
327449
526364
7506
971184
969689
338049
964424
251531
536832
534582
102933
97415
592468
467735
541287
4624
134458
562450
984601
635037
824338
447938
333247
514998
868007
75472
803204
751658
632201
